#mifras
#the center point should be first place
50 40 50 50
50 5 20 40
20 40  50 40
50 40 50 5
#star
40 18 43 18
43 18 45 15
45 15 48 18
48 18 50 18
48 21 50 18
40 18 43 21
43 21 40 24
40 24 43 24
43 24 45 27
45 27 48 24
48 24 50 24
50 24 48 21
#body
10 50 80 50
15 80 60 80
10 50 15 80
60 80 80 50

#decoration body
15 50 20 80
20 50 25 80
25 50 30 80
30 50 35 80
#circules
r 3 40 70
r 3 47 70
r 3 54 70
r 3 61 70
#beziher curve
50 5 50 5
50 5 50 5
50 5 50 5
50 5 50 5
50 5 50 5
50 5 50 5
50 5 50 5
50 5 51 5
51 5 51 5
51 5 51 5
51 5 51 5
51 5 51 5
51 5 51 5
51 5 51 5
51 5 52 5
52 5 52 5
52 5 52 5
52 5 52 5
52 5 52 5
52 5 52 5
52 5 52 5
52 5 53 5
53 5 53 5
53 5 53 5
53 5 53 5
53 5 53 5
53 5 53 5
53 5 53 5
53 5 54 5
54 5 54 5
54 5 54 5
54 5 54 5
54 5 54 5
54 5 54 5
54 5 54 5
54 5 55 5
55 5 55 5
55 5 55 5
55 5 55 5
55 5 55 5
55 5 55 5
55 5 55 5
55 5 56 5
56 5 56 5
56 5 56 5
56 5 56 5
56 5 56 5
56 5 56 5
56 5 56 5
56 5 56 5
56 5 57 5
57 5 57 5
57 5 57 5
57 5 57 5
57 5 57 5
57 5 57 5
57 5 57 5
57 5 58 5
58 5 58 6
58 6 58 6
58 6 58 6
58 6 58 6
58 6 58 6
58 6 58 6
58 6 58 6
58 6 59 6
59 6 59 6
59 6 59 6
59 6 59 6
59 6 59 6
59 6 59 6
59 6 59 6
59 6 60 6
60 6 60 6
60 6 60 6
60 6 60 6
60 6 60 6
60 6 60 6
60 6 60 6
60 6 60 6
60 6 61 6
61 6 61 6
61 6 61 6
61 6 61 6
61 6 61 6
61 6 61 6
61 6 61 6
61 6 61 6
61 6 62 6
62 6 62 6
62 6 62 6
62 6 62 6
62 6 62 6
62 6 62 6
62 6 62 6
62 6 62 6
62 6 63 6
63 6 63 6
63 6 63 6
63 6 63 6
63 6 63 6
63 6 63 6
63 6 63 6
63 6 63 6
63 6 63 7
63 7 64 7
64 7 64 7
64 7 64 7
64 7 64 7
64 7 64 7
64 7 64 7
64 7 64 7
64 7 64 7
64 7 65 7
65 7 65 7
65 7 65 7
65 7 65 7
65 7 65 7
65 7 65 7
65 7 65 7
65 7 65 7
65 7 65 7
65 7 66 7
66 7 66 7
66 7 66 7
66 7 66 7
66 7 66 7
66 7 66 7
66 7 66 7
66 7 66 7
66 7 66 7
66 7 67 7
67 7 67 7
67 7 67 7
67 7 67 7
67 7 67 7
67 7 67 7
67 7 67 7
67 7 67 7
67 7 67 7
67 7 68 7
68 7 68 7
68 7 68 7
68 7 68 7
68 7 68 8
68 8 68 8
68 8 68 8
68 8 68 8
68 8 68 8
68 8 69 8
69 8 69 8
69 8 69 8
69 8 69 8
69 8 69 8
69 8 69 8
69 8 69 8
69 8 69 8
69 8 69 8
69 8 69 8
69 8 70 8
70 8 70 8
70 8 70 8
70 8 70 8
70 8 70 8
70 8 70 8
70 8 70 8
70 8 70 8
70 8 70 8
70 8 70 8
70 8 71 8
71 8 71 8
71 8 71 8
71 8 71 8
71 8 71 8
71 8 71 8
71 8 71 8
71 8 71 8
71 8 71 8
71 8 71 8
71 8 72 8
72 8 72 9
72 9 72 9
72 9 72 9
72 9 72 9
72 9 72 9
72 9 72 9
72 9 72 9
72 9 72 9
72 9 72 9
72 9 72 9
72 9 73 9
73 9 73 9
73 9 73 9
73 9 73 9
73 9 73 9
73 9 73 9
73 9 73 9
73 9 73 9
73 9 73 9
73 9 73 9
73 9 74 9
74 9 74 9
74 9 74 9
74 9 74 9
74 9 74 9
74 9 74 9
74 9 74 9
74 9 74 9
74 9 74 9
74 9 74 9
74 9 74 9
74 9 74 9
74 9 75 9
75 9 75 9
75 9 75 10
75 10 75 10
75 10 75 10
75 10 75 10
75 10 75 10
75 10 75 10
75 10 75 10
75 10 75 10
75 10 75 10
75 10 75 10
75 10 76 10
76 10 76 10
76 10 76 10
76 10 76 10
76 10 76 10
76 10 76 10
76 10 76 10
76 10 76 10
76 10 76 10
76 10 76 10
76 10 76 10
76 10 76 10
76 10 77 10
77 10 77 10
77 10 77 10
77 10 77 10
77 10 77 10
77 10 77 10
77 10 77 10
77 10 77 10
77 10 77 10
77 10 77 11
77 11 77 11
77 11 77 11
77 11 77 11
77 11 78 11
78 11 78 11
78 11 78 11
78 11 78 11
78 11 78 11
78 11 78 11
78 11 78 11
78 11 78 11
78 11 78 11
78 11 78 11
78 11 78 11
78 11 78 11
78 11 78 11
78 11 79 11
79 11 79 11
79 11 79 11
79 11 79 11
79 11 79 11
79 11 79 11
79 11 79 11
79 11 79 11
79 11 79 11
79 11 79 11
79 11 79 11
79 11 79 11
79 11 79 11
79 11 79 12
79 12 79 12
79 12 80 12
80 12 80 12
80 12 80 12
80 12 80 12
80 12 80 12
80 12 80 12
80 12 80 12
80 12 80 12
80 12 80 12
80 12 80 12
80 12 80 12
80 12 80 12
80 12 80 12
80 12 80 12
80 12 80 12
80 12 81 12
81 12 81 12
81 12 81 12
81 12 81 12
81 12 81 12
81 12 81 12
81 12 81 12
81 12 81 12
81 12 81 12
81 12 81 12
81 12 81 12
81 12 81 12
81 12 81 13
81 13 81 13
81 13 81 13
81 13 81 13
81 13 81 13
81 13 82 13
82 13 82 13
82 13 82 13
82 13 82 13
82 13 82 13
82 13 82 13
82 13 82 13
82 13 82 13
82 13 82 13
82 13 82 13
82 13 82 13
82 13 82 13
82 13 82 13
82 13 82 13
82 13 82 13
82 13 82 13
82 13 82 13
82 13 82 13
82 13 83 13
83 13 83 13
83 13 83 13
83 13 83 13
83 13 83 13
83 13 83 14
83 14 83 14
83 14 83 14
83 14 83 14
83 14 83 14
83 14 83 14
83 14 83 14
83 14 83 14
83 14 83 14
83 14 83 14
83 14 83 14
83 14 83 14
83 14 83 14
83 14 83 14
83 14 83 14
83 14 83 14
83 14 84 14
84 14 84 14
84 14 84 14
84 14 84 14
84 14 84 14
84 14 84 14
84 14 84 14
84 14 84 14
84 14 84 14
84 14 84 14
84 14 84 14
84 14 84 15
84 15 84 15
84 15 84 15
84 15 84 15
84 15 84 15
84 15 84 15
84 15 84 15
84 15 84 15
84 15 84 15
84 15 84 15
84 15 84 15
84 15 84 15
84 15 85 15
85 15 85 15
85 15 85 15
85 15 85 15
85 15 85 15
85 15 85 15
85 15 85 15
85 15 85 15
85 15 85 15
85 15 85 15
85 15 85 15
85 15 85 15
85 15 85 15
85 15 85 15
85 15 85 16
85 16 85 16
85 16 85 16
85 16 85 16
85 16 85 16
85 16 85 16
85 16 85 16
85 16 85 16
85 16 85 16
85 16 85 16
85 16 85 16
85 16 85 16
85 16 85 16
85 16 85 16
85 16 85 16
85 16 86 16
86 16 86 16
86 16 86 16
86 16 86 16
86 16 86 16
86 16 86 16
86 16 86 16
86 16 86 16
86 16 86 16
86 16 86 16
86 16 86 16
86 16 86 17
86 17 86 17
86 17 86 17
86 17 86 17
86 17 86 17
86 17 86 17
86 17 86 17
86 17 86 17
86 17 86 17
86 17 86 17
86 17 86 17
86 17 86 17
86 17 86 17
86 17 86 17
86 17 86 17
86 17 86 17
86 17 86 17
86 17 86 17
86 17 86 17
86 17 86 17
86 17 86 17
86 17 86 17
86 17 86 17
86 17 86 17
86 17 86 17
86 17 86 18
86 18 86 18
86 18 86 18
86 18 86 18
86 18 86 18
86 18 86 18
86 18 86 18
86 18 87 18
87 18 87 18
87 18 87 18
87 18 87 18
87 18 87 18
87 18 87 18
87 18 87 18
87 18 87 18
87 18 87 18
87 18 87 18
87 18 87 18
87 18 87 18
87 18 87 18
87 18 87 18
87 18 87 18
87 18 87 18
87 18 87 18
87 18 87 18
87 18 87 19
87 19 87 19
87 19 87 19
87 19 87 19
87 19 87 19
87 19 87 19
87 19 87 19
87 19 87 19
87 19 87 19
87 19 87 19
87 19 87 19
87 19 87 19
87 19 87 19
87 19 87 19
87 19 87 19
87 19 87 19
87 19 87 19
87 19 87 19
87 19 87 19
87 19 87 19
87 19 87 19
87 19 87 19
87 19 87 19
87 19 87 19
87 19 87 20
87 20 87 20
87 20 87 20
87 20 87 20
87 20 87 20
87 20 87 20
87 20 87 20
87 20 87 20
87 20 87 20
87 20 87 20
87 20 87 20
87 20 87 20
87 20 87 20
87 20 87 20
87 20 87 20
87 20 87 20
87 20 87 20
87 20 87 20
87 20 87 20
87 20 87 20
87 20 87 20
87 20 87 20
87 20 87 20
87 20 87 20
87 20 87 20
87 20 87 21
87 21 87 21
87 21 87 21
87 21 87 21
87 21 87 21
87 21 87 21
87 21 87 21
87 21 87 21
87 21 87 21
87 21 87 21
87 21 87 21
87 21 87 21
87 21 87 21
87 21 87 21
87 21 87 21
87 21 87 21
87 21 87 21
87 21 87 21
87 21 87 21
87 21 87 21
87 21 87 21
87 21 87 21
87 21 87 21
87 21 87 21
87 21 87 22
87 22 87 22
87 22 87 22
87 22 87 22
87 22 87 22
87 22 87 22
87 22 87 22
87 22 87 22
87 22 87 22
87 22 87 22
87 22 87 22
87 22 87 22
87 22 87 22
87 22 87 22
87 22 87 22
87 22 87 22
87 22 87 22
87 22 87 22
87 22 87 22
87 22 87 22
87 22 87 22
87 22 87 22
87 22 87 22
87 22 87 22
87 22 86 23
86 23 86 23
86 23 86 23
86 23 86 23
86 23 86 23
86 23 86 23
86 23 86 23
86 23 86 23
86 23 86 23
86 23 86 23
86 23 86 23
86 23 86 23
86 23 86 23
86 23 86 23
86 23 86 23
86 23 86 23
86 23 86 23
86 23 86 23
86 23 86 23
86 23 86 23
86 23 86 23
86 23 86 23
86 23 86 23
86 23 86 24
86 24 86 24
86 24 86 24
86 24 86 24
86 24 86 24
86 24 86 24
86 24 86 24
86 24 86 24
86 24 86 24
86 24 86 24
86 24 86 24
86 24 86 24
86 24 86 24
86 24 86 24
86 24 86 24
86 24 86 24
86 24 86 24
86 24 86 24
86 24 86 24
86 24 86 24
86 24 85 24
85 24 85 24
85 24 85 24
85 24 85 24
85 24 85 25
85 25 85 25
85 25 85 25
85 25 85 25
85 25 85 25
85 25 85 25
85 25 85 25
85 25 85 25
85 25 85 25
85 25 85 25
85 25 85 25
85 25 85 25
85 25 85 25
85 25 85 25
85 25 85 25
85 25 85 25
85 25 85 25
85 25 85 25
85 25 85 25
85 25 85 25
85 25 85 25
85 25 85 25
85 25 85 25
85 25 85 25
85 25 85 26
85 26 84 26
84 26 84 26
84 26 84 26
84 26 84 26
84 26 84 26
84 26 84 26
84 26 84 26
84 26 84 26
84 26 84 26
84 26 84 26
84 26 84 26
84 26 84 26
84 26 84 26
84 26 84 26
84 26 84 26
84 26 84 26
84 26 84 26
84 26 84 26
84 26 84 26
84 26 84 26
84 26 84 26
84 26 84 26
84 26 84 26
84 26 83 27
83 27 83 27
83 27 83 27
83 27 83 27
83 27 83 27
83 27 83 27
83 27 83 27
83 27 83 27
83 27 83 27
83 27 83 27
83 27 83 27
83 27 83 27
83 27 83 27
83 27 83 27
83 27 83 27
83 27 83 27
83 27 83 27
83 27 83 27
83 27 83 27
83 27 83 27
83 27 83 27
83 27 82 27
82 27 82 27
82 27 82 27
82 27 82 28
82 28 82 28
82 28 82 28
82 28 82 28
82 28 82 28
82 28 82 28
82 28 82 28
82 28 82 28
82 28 82 28
82 28 82 28
82 28 82 28
82 28 82 28
82 28 82 28
82 28 82 28
82 28 82 28
82 28 81 28
81 28 81 28
81 28 81 28
81 28 81 28
81 28 81 28
81 28 81 28
81 28 81 28
81 28 81 28
81 28 81 28
81 28 81 29
81 29 81 29
81 29 81 29
81 29 81 29
81 29 81 29
81 29 81 29
81 29 81 29
81 29 81 29
81 29 80 29
80 29 80 29
80 29 80 29
80 29 80 29
80 29 80 29
80 29 80 29
80 29 80 29
80 29 80 29
80 29 80 29
80 29 80 29
80 29 80 29
80 29 80 29
80 29 80 29
80 29 80 29
80 29 80 29
80 29 79 29
79 29 79 30
79 30 79 30
79 30 79 30
79 30 79 30
79 30 79 30
79 30 79 30
79 30 79 30
79 30 79 30
79 30 79 30
79 30 79 30
79 30 79 30
79 30 79 30
79 30 79 30
79 30 79 30
79 30 78 30
78 30 78 30
78 30 78 30
78 30 78 30
78 30 78 30
78 30 78 30
78 30 78 30
78 30 78 30
78 30 78 30
78 30 78 30
78 30 78 30
78 30 78 31
78 31 78 31
78 31 77 31
77 31 77 31
77 31 77 31
77 31 77 31
77 31 77 31
77 31 77 31
77 31 77 31
77 31 77 31
77 31 77 31
77 31 77 31
77 31 77 31
77 31 77 31
77 31 77 31
77 31 76 31
76 31 76 31
76 31 76 31
76 31 76 31
76 31 76 31
76 31 76 31
76 31 76 31
76 31 76 31
76 31 76 31
76 31 76 31
76 31 76 32
76 32 76 32
76 32 75 32
75 32 75 32
75 32 75 32
75 32 75 32
75 32 75 32
75 32 75 32
75 32 75 32
75 32 75 32
75 32 75 32
75 32 75 32
75 32 75 32
75 32 75 32
75 32 74 32
74 32 74 32
74 32 74 32
74 32 74 32
74 32 74 32
74 32 74 32
74 32 74 32
74 32 74 32
74 32 74 32
74 32 74 32
74 32 74 32
74 32 73 33
73 33 73 33
73 33 73 33
73 33 73 33
73 33 73 33
73 33 73 33
73 33 73 33
73 33 73 33
73 33 73 33
73 33 73 33
73 33 73 33
73 33 72 33
72 33 72 33
72 33 72 33
72 33 72 33
72 33 72 33
72 33 72 33
72 33 72 33
72 33 72 33
72 33 72 33
72 33 72 33
72 33 72 33
72 33 71 33
71 33 71 33
71 33 71 33
71 33 71 33
71 33 71 34
71 34 71 34
71 34 71 34
71 34 71 34
71 34 71 34
71 34 71 34
71 34 70 34
70 34 70 34
70 34 70 34
70 34 70 34
70 34 70 34
70 34 70 34
70 34 70 34
70 34 70 34
70 34 70 34
70 34 70 34
70 34 69 34
69 34 69 34
69 34 69 34
69 34 69 34
69 34 69 34
69 34 69 34
69 34 69 34
69 34 69 34
69 34 69 34
69 34 69 34
69 34 68 34
68 34 68 35
68 35 68 35
68 35 68 35
68 35 68 35
68 35 68 35
68 35 68 35
68 35 68 35
68 35 68 35
68 35 67 35
67 35 67 35
67 35 67 35
67 35 67 35
67 35 67 35
67 35 67 35
67 35 67 35
67 35 67 35
67 35 67 35
67 35 66 35
66 35 66 35
66 35 66 35
66 35 66 35
66 35 66 35
66 35 66 35
66 35 66 35
66 35 66 35
66 35 66 35
66 35 65 35
65 35 65 36
65 36 65 36
65 36 65 36
65 36 65 36
65 36 65 36
65 36 65 36
65 36 65 36
65 36 65 36
65 36 64 36
64 36 64 36
64 36 64 36
64 36 64 36
64 36 64 36
64 36 64 36
64 36 64 36
64 36 64 36
64 36 63 36
63 36 63 36
63 36 63 36
63 36 63 36
63 36 63 36
63 36 63 36
63 36 63 36
63 36 63 36
63 36 63 36
63 36 62 36
62 36 62 36
62 36 62 36
62 36 62 37
62 37 62 37
62 37 62 37
62 37 62 37
62 37 62 37
62 37 61 37
61 37 61 37
61 37 61 37
61 37 61 37
61 37 61 37
61 37 61 37
61 37 61 37
61 37 61 37
61 37 60 37
60 37 60 37
60 37 60 37
60 37 60 37
60 37 60 37
60 37 60 37
60 37 60 37
60 37 60 37
60 37 59 37
59 37 59 37
59 37 59 37
59 37 59 37
59 37 59 37
59 37 59 37
59 37 59 37
59 37 58 37
58 37 58 37
58 37 58 38
58 38 58 38
58 38 58 38
58 38 58 38
58 38 58 38
58 38 58 38
58 38 57 38
57 38 57 38
57 38 57 38
57 38 57 38
57 38 57 38
57 38 57 38
57 38 57 38
57 38 56 38
56 38 56 38
56 38 56 38
56 38 56 38
56 38 56 38
56 38 56 38
56 38 56 38
56 38 56 38
56 38 55 38
55 38 55 38
55 38 55 38
55 38 55 38
55 38 55 38
55 38 55 38
55 38 55 38
55 38 54 38
54 38 54 38
54 38 54 39
54 39 54 39
54 39 54 39
54 39 54 39
54 39 54 39
54 39 53 39
53 39 53 39
53 39 53 39
53 39 53 39
53 39 53 39
53 39 53 39
53 39 53 39
53 39 52 39
52 39 52 39
52 39 52 39
52 39 52 39
52 39 52 39
52 39 52 39
52 39 52 39
52 39 51 39
51 39 51 39
51 39 51 39
51 39 51 39
51 39 51 39
51 39 51 39
51 39 51 39
51 39 50 39
50 39 50 39
50 39 50 39
50 39 50 39
50 39 50 39
50 39 50 39
